// Sources
// https://www.bungie.net/sharedbundle/spasm
// http://www.gdcvault.com/play/1020412/Building-Customizable-Characters-for-Bungie
// http://advances.realtimerendering.com/destiny/siggraph2014/bungie_gear_production_siggraph_2014_web_ready.pdf

THREE.TGXLoaderUtils = (function() {
	var scope = {
		// https://www.khronos.org/opengl/wiki/Normalized_Integer
		unormalize: function(value, bits) {
			var max = Math.pow(2, bits) - 1;
			return value/max;
		},

		normalize: function(value, bits) {
			var max = Math.pow(2, bits-1) - 1;
			return Math.max(value/max, -1);
		},

		byte: function(data, offset) {
			return scope.decodeSigned(data, offset, 1);
		},

		ubyte: function(data, offset) {
			return scope.decodeUnsigned(data, offset, 1);
		},

		short: function(data, offset) {
			return scope.decodeSigned(data, offset, 2);
		},

		ushort: function(data, offset) {
			return scope.decodeUnsigned(data, offset, 2);
		},

		int: function(data, offset) {
			return scope.decodeSigned(data, offset, 4);
		},

		uint: function(data, offset) {
			return scope.decodeUnsigned(data, offset, 4);
		},

		float: function(data, offset) {
			return scope.decodeFloat(scope.bytes(data, offset, 4), 1, 8, 23, -126, 127);
		},

		bytes: function(data, offset, length) {
			var bytes = [];
			for (var i=0; i<length; i++) {
				bytes.push(scope.ubyte(data, offset+i));
			}
			return bytes;
		},

		string: function(data, offset, length) {
			var str = '';
			if (offset == undefined) offset = 0;
			if (length == undefined) length = data.length-offset;
			for (var i=0; i<length; i++) {
				var chr = data[offset+i];
				if (chr == 0) continue;
				str += String.fromCharCode(chr);
			}
			//var str = data.substr(offset, length);
			//if (str.indexOf("\0") != -1) str = str.substr(0, str.indexOf("\0"));
			return str;
		},

		radianToDegrees: function(value) {
			return value * 180 / Math.PI;
		},

		degreesToRadian: function(value) {
			return value * Math.PI / 180;
		},

		padNum: function(num, length) {
			num = num.toString();
			while(num.length < length) {
				num = '0'+num;
			}
			return num;
		},

		decodeHex: function(data, offset, length) {
			var hex = '';

			if (typeof data == 'number') {
				length = offset != undefined ? offset : 4;
				for (var i=0; i<length; i++) {
					var u8 = (data >> (i*8)) & 0xFF;
					hex = scope.padNum(u8.toString(16), 2).toUpperCase() + hex;
				}
				return '0x'+hex;
			}

			if (offset == undefined) offset = 0;
			if (length == undefined) length = data.length;
			for (var i=0; i<length; i++) {
				hex = scope.padNum(data.charCodeAt(offset+i).toString(16).toUpperCase(), 2) + hex;
			}
			return '0x'+hex;
		},

		decodeUnsigned: function(data, offset, length) {
			var int = 0;
			for (var i=0; i<length; i++) {
				int |= data[offset+i] << (i*8);
			}
			return int;
		},

		decodeSigned: function(data, offset, length) {
			if (typeof data != 'number') data = scope.decodeUnsigned(data, offset, length);
			else length = offset;
			var bits = length * 8;
			var max = (1 << bits) - 1;
			if (data & (1 << (bits - 1))) {
				data = (data & max) - max;
			}
			return data;
		},

		decodeFloat: function(bytes, signBits, exponentBits, fractionBits, eMin, eMax, littleEndian) {
			if (littleEndian == undefined) littleEndian = true;
			var totalBits = (signBits + exponentBits + fractionBits);

			var binary = "";
			for (var i = 0, l = bytes.length; i < l; i++) {
				var bits = bytes[i].toString(2);
				while (bits.length < 8)
					bits = "0" + bits;

				if (littleEndian)
					binary = bits + binary;
				else
					binary += bits;
			}

			var sign = (binary.charAt(0) == '1')?-1:1;
			var exponent = parseInt(binary.substr(signBits, exponentBits), 2) - eMax;
			var significandBase = binary.substr(signBits + exponentBits, fractionBits);
			var significandBin = '1'+significandBase;
			var i = 0;
			var val = 1;
			var significand = 0;

			if (exponent == -eMax) {
				if (significandBase.indexOf('1') == -1)
					return 0;
				else {
					exponent = eMin;
					significandBin = '0'+significandBase;
				}
			}

			while (i < significandBin.length) {
				significand += val * parseInt(significandBin.charAt(i));
				val = val / 2;
				i++;
			}

			return sign * significand * Math.pow(2, exponent);
		}
	};
	return scope;
})();

THREE.TGXLoader = function (manager) {
	this.manager = (manager !== undefined) ? manager : THREE.DefaultLoadingManager;
};

// Global defaults
THREE.TGXLoader.APIKey = null;
THREE.TGXLoader.APIBasepath = 'https://www.bungie.net/d1/Platform/Destiny';
THREE.TGXLoader.Basepath = 'https://www.bungie.net';
THREE.TGXLoader.Platform = 'web';
THREE.TGXLoader.ManifestPath = null;

Object.assign(THREE.TGXLoader.prototype, {
	load: function(options, onLoad, onProgress, onError) {
		var defaultOptions = {
			itemHash: options,
			classHash: 0,
			isFemale: false,
			apiKey: THREE.TGXLoader.APIKey,
			apiBasepath: THREE.TGXLoader.APIBasepath,
			basepath: THREE.TGXLoader.Basepath,
			platform: THREE.TGXLoader.Platform,
			manifestPath: THREE.TGXLoader.ManifestPath,
			loadTextures: true,
			loadSkeleton: false
		};
		if (typeof options != 'object') options = {};
		for (var key in defaultOptions) {
			if (options[key] === undefined) options[key] = defaultOptions[key];
		}

		var scope = this;

		//if (onProgress === undefined) {
		//	onProgress = function(event) {
		//		console.log(event);
		//	}
		//}

		if (onError === undefined) {
			onError = function(error) {
				console.error(error);
			};
		}

		var url, loader;

		// Mobile manifest support
		if (options.platform == 'mobile' && !options.manifestPath && !THREE.TGXManifest.isCapable()) {
			options.platform = 'web';
		}
		if (options.platform == 'mobile') {
			if (options.manifestPath) { // Load manifest server-side
				var url = options.manifestPath.replace('$itemHash', options.itemHash);
				loader = new THREE.BungieNetLoader(this.manager);
				loader.load(url, options.apiKey, function(response) {
					try { // Invalid JSON response
						response = JSON.parse(response);
					} catch(e) {
						console.error('Invalid JSON', url);
						return;
					}

					scope.parse(response, options, onLoad, onProgress, onError);
				}, onProgress, onError);

			} else { // Load manifest locally
				var manifest = THREE.TGXLoader.Manifest;
				if (!THREE.TGXLoader.Manifest) {
					THREE.TGXLoader.Manifest = manifest = new THREE.TGXManifest(this.manager, options);
				}
				manifest.getAsset(options.itemHash, function(data) {
					scope.parse(data, options, onLoad, onProgress, onError);
				}, onProgress, onError);
			}
			return;
		}

		// Web version support
		url = options.apiBasepath+'/Manifest/22/'+options.itemHash+'/'; // GetDestinySingleDefinition

		loader = new THREE.BungieNetLoader(this.manager);
		loader.load(url, options.apiKey, function (response) {
			try { // Invalid JSON response
				response = JSON.parse(response);
			} catch(e) {
				console.error('Invalid JSON', url);
				return;
			}

			if (response.ErrorCode == 1) {
				scope.parse(response.Response.data, options, onLoad, onProgress, onError);
			} else {
				console.error('Bungie Error Response', response);
			}
		}, onProgress, onError);
	},
	parse: (function() {
		var itemHash = 0;
		var isFemale = false;
		var classHash = 0;

		var loadSkeleton = false;
		var loadTextures = true;

		var contentLoaded = null;
		var assetLoadCount = 0;
		var assetLoadTotal = 0;

		var onLoadCallback, onProgressCallback, onErrorCallback;

		var utils = THREE.TGXLoaderUtils;
		var basepath = THREE.TGXLoader.Basepath;
		var platform = THREE.TGXLoader.Platform;

		// Spasm.TGXAssetLoader.prototype.onLoadAssetManifest
		function loadAssetManifest(gearAsset) {
			//console.log('GearAsset', gearAsset);
			for (var i=0; i<gearAsset.content.length; i++) {
				var content = gearAsset.content[i];
				//console.log('Content['+i+']', content);

				// Filter Regions
				var filteredRegionIndexSets = [];

				if (content.dye_index_set) {
					//console.log('DyeIndexSet', content.dye_index_set);
					filteredRegionIndexSets.push(content.dye_index_set);
				}

				if (content.region_index_sets) { // Use gender neutral sets
					for (var setIndex in content.region_index_sets) {
						var regionIndexSet = content.region_index_sets[setIndex];
						//console.log('RegionIndexSet', setIndex, regionIndexSet);
						//switch(parseInt(setIndex)) {
						//	case 2:
						//	case 6:
						//	case 21:
						//	//default:
						//		filteredRegionIndexSets.push(regionIndexSet[0]);
						//		break;
						//}
						filteredRegionIndexSets.push(regionIndexSet[0]);
					}
				} else { // Use gender-specific set (ie armor)
					//console.log('GenderedIndexSet', content.female_index_set, content.male_index_set);
					filteredRegionIndexSets.push(isFemale ? content.female_index_set : content.male_index_set);
				}

				// Build Asset Index Table
				var geometryIndexes = {};
				var textureIndexes = {};
				var platedTextureIndexes = {};

				for (var filteredRegionIndex in filteredRegionIndexSets) {
					var filteredRegionIndexSet = filteredRegionIndexSets[filteredRegionIndex];
					var index, i;
					for (i=0; i<filteredRegionIndexSet.geometry.length; i++) {
						index = filteredRegionIndexSet.geometry[i];
						geometryIndexes[index] = index;
					}
					for (i=0; i<filteredRegionIndexSet.textures.length; i++) {
						index = filteredRegionIndexSet.textures[i];
						textureIndexes[index] = index;
					}
					if (filteredRegionIndexSet.plate_regions) {
						for (i=0; i<filteredRegionIndexSet.plate_regions.length; i++) {
							index = filteredRegionIndexSet.plate_regions[i];
							platedTextureIndexes[index] = index;
						}
					}
				}

				contentLoaded = {
					gear: {},
					geometry: {},
					textures: {},
					platedTextures: {},
					mobileTextures: {},
					skeleton: null
				};
				assetLoadCount = 0;
				assetLoadTotal = 0;

				assetLoadTotal += Object.keys(geometryIndexes).length;
				assetLoadTotal += Object.keys(gearAsset.gear).length;
				if (loadSkeleton) assetLoadTotal++;
				if (loadTextures) {
					assetLoadTotal += Object.keys(textureIndexes).length;
					assetLoadTotal += Object.keys(platedTextureIndexes).length;
				}

				// Load Geometry
				for (var geometryIndex in geometryIndexes) {
					loadGeometry(content.geometry[geometryIndex], function(geometry) {
						contentLoaded.geometry[geometry.fileIdentifier] = geometry;
						assetLoadCount++;
						checkContentLoaded();
					});
				}

				// Load Gear
				for (var gearIndex in gearAsset.gear) {
					var gearUrl = basepath+'/common/destiny_content/geometry/gear/'+gearAsset.gear[gearIndex];
					loadPart(gearUrl, function(gear) {
						gear = JSON.parse(utils.string(gear));
						//console.log('LoadGear', gearUrl);
						//console.log(gear);
						contentLoaded.gear[gear.reference_id] = gear;
						assetLoadCount++;
						checkContentLoaded();
					}, onProgressCallback, onErrorCallback);
				}

				// Load Bones / Animations
				if (loadSkeleton) {
					loadPart(basepath+'/common/destiny_content/animations/destiny_player_skeleton.js', function(skeleton) {
						skeleton = JSON.parse(skeleton);
						contentLoaded.skeleton = skeleton;
						assetLoadCount++;
						checkContentLoaded();
					}, onProgressCallback, onErrorCallback);
				}

				if (!loadTextures) continue;

				// Load Textures
				for (var textureIndex in textureIndexes) {
					var texture = content.textures[textureIndex];
					loadTexture(texture, false, function() {
						assetLoadCount++;
						checkContentLoaded();
					});
				}

				// Load Plated Textures
				for (var platedTextureIndex in platedTextureIndexes) {
					var platedTexture = content.plate_regions[platedTextureIndex];
					loadTexture(platedTexture, true, function() {
						assetLoadCount++;
						checkContentLoaded();
					});
				}
			}
		}

		// Check for when all content has loaded
		function checkContentLoaded() {
			if (assetLoadCount < assetLoadTotal) return;
			parseContent(contentLoaded);
		}

		function loadPart(url, onLoad) {
			var loader = new THREE.BungieNetLoader( this.manager );
			loader.load(url, null, function (response) {
				if (response instanceof ArrayBuffer) response = new Uint8Array(response);
				if (onLoad) onLoad(response);
			}, onProgressCallback, onErrorCallback);
		}

		function loadGeometry(geometry, onLoad) {
			var url = basepath+'/common/destiny_content/geometry/platform/'+THREE.TGXLoader.Platform+'/geometry/'+geometry;
			loadTGXBin(url, onLoad, onProgressCallback, onErrorCallback);
		}

		// Spasm.TGXBinLoader
		function loadTGXBin(url, onLoad) {
			loadPart(url, function(data) {
				//console.log(data);
				var magic = utils.string(data, 0x0, 0x4); // TGXM
				var version = utils.uint(data, 0x4);
				var fileOffset = utils.uint(data, 0x8);
				var fileCount = utils.uint(data, 0xC);
				var fileIdentifier = utils.string(data, 0x10, 0x100);
				//console.log(magic, version, fileOffset.toString(16), fileCount, fileIdentifier);
				if (magic != 'TGXM') {
					console.error('Invalid TGX File', url);
					return;
				}
				var files = [];
				var fileLookup = [];
				var renderMetadata = false;
				for (var f=0; f<fileCount; f++) {
					var headerOffset = fileOffset+0x110*f;
					var name = utils.string(data, headerOffset, 0x100);
					var offset = utils.uint(data, headerOffset+0x100);
					var size = utils.uint(data, headerOffset+0x108);
					var fileData = data.slice(offset, offset+size);
					//console.log('file['+f+']', headerOffset.toString(16), name, offset.toString(16), size);
					if (name.indexOf('.js') != -1) { // render_metadata.js
						fileData = JSON.parse(utils.string(fileData));
						renderMetadata = fileData;
					}
					files.push({
						name: name,
						offset: offset,
						size: size,
						data: fileData
					});
					fileLookup.push(name);
				}
				var tgxBin = {
					url: url,
					fileIdentifier: fileIdentifier,
					files: files,
					lookup: fileLookup,
					metadata: renderMetadata
				};
				//console.log('LoadTGXBin', url);
				//console.log(tgxBin);
				if (onLoad) onLoad(tgxBin);
			}, onProgressCallback, onErrorCallback);
		}

		function loadDataTexture(textureUri, referenceId, onLoad) {
			var loader = new THREE.TextureLoader(this.manager);
			var textureData = loader.load(textureUri, function(texture) {
				if (onLoad) onLoad(texture);
			}, onProgressCallback, onErrorCallback);
			textureData.flipY = false;
			textureData.minFilter = THREE.LinearMipMapLinearFilter;
			textureData.magFilter = THREE.NearestFilter;

			contentLoaded['platedTextures'][referenceId] = {
				referenceId: referenceId,
				texture: textureData
			};
		}

		function loadTexture(texture, isPlated, onLoad) {
			if (isPlated === undefined) isPlated = false;
			var url = basepath+'/common/destiny_content/geometry/platform/'+THREE.TGXLoader.Platform+'/'+(isPlated ? 'plated_textures' : 'textures')+'/'+texture;

			var referenceId = texture.split('.')[0];

			if (texture.indexOf('.bin') != -1) { // Mobile texture
				//assetLoadTotal++;
				loadTGXBin(url, function(tgxBin) {
					//console.log('MobileTexture', tgxBin);
					contentLoaded.mobileTextures[referenceId] = {
						url: url,
						referenceId: referenceId,
						fileIdentifier: tgxBin.fileIdentifier,
						texture: tgxBin.lookup
					};
					var count = 0;
					var total = tgxBin.files.length;
					for (var i=0; i<tgxBin.files.length; i++) {
						var textureFile = tgxBin.files[i];
						var textureData = loadMobileTexture(textureFile, function() {
							count++;
							if (count == total && onLoad) onLoad(contentLoaded.mobileTextures[referenceId]);
						});
						textureData.flipY = false;
						textureData.minFilter = THREE.LinearMipMapLinearFilter;
						textureData.magFilter = THREE.NearestFilter;
						contentLoaded['textures'][textureFile.name] = {
							url: url,
							mobileReferenceId: referenceId,
							referenceId: textureFile.name,
							texture: textureData
						};
					}
				});
			} else {
				//assetLoadTotal++;
				var loader = new THREE.TextureLoader(this.manager);
				var textureData = loader.load(url, function(texture) {
					if (onLoad) onLoad(texture);
				}, onProgressCallback, onErrorCallback);
				textureData.flipY = false;
				textureData.minFilter = THREE.LinearMipMapLinearFilter;
				textureData.magFilter = THREE.NearestFilter;

				contentLoaded[isPlated ? 'platedTextures' : 'textures'][referenceId] = {
					url: url,
					referenceId: referenceId,
					texture: textureData
				};
			}
		}

		function loadMobileTexture(textureFile, onLoad) {
			var isPng = utils.string(textureFile.data, 1, 3) == 'PNG';
			var mimeType = 'image/'+(isPng ? 'png' : 'jpeg');

			var urlCreator = window.URL || window.webkitURL;
			var imageUrl = urlCreator.createObjectURL(new Blob([textureFile.data], {type: mimeType}));

			var texture = new THREE.Texture();

			var image = new Image();
			image.onload = function () {
				texture.image = image;
				texture.needsUpdate = true;
				if (onLoad) onLoad(texture);
			};
			image.src = imageUrl;

			return texture;
		}

		function parseContent() {
			//console.log('ContentLoaded', contentLoaded);

			// Figure out which geometry should be loaded ie class, gender
			var geometryHashes = [];
			var gearDyes = null;
			for (var gearId in contentLoaded.gear) {
				var gear = contentLoaded.gear[gearId];
				var artContent = gear.art_content;
				var artContentSets = gear.art_content_sets;
				if (artContentSets && artContentSets.length > 1) {
					//console.log('Requires Arrangement', artContentSets);
					for (var r=0; r<artContentSets.length; r++) {
						var artContentSet = artContentSets[r];
						if (artContentSet.classHash == classHash) {
							artContent = artContentSet.arrangement;
							break;
						}
					}
				}
				if (artContent) {
					var gearSet = artContent.gear_set;
					var regions = gearSet.regions;
					if (regions.length > 0) {
						for (var u=0; u<regions.length; u++) {
							var region = regions[u];
							if (region.pattern_list.length > 0) {
								var pattern = region.pattern_list[0]; // Always 1?
								for (var h=0; h<pattern.geometry_hashes.length; h++) {
									geometryHashes.push(pattern.geometry_hashes[h]);
								}
							}
						}
					} else {
						var overrideArtArrangement = this.isFemale ? gearSet.female_override_art_arrangement : gearSet.base_art_arrangement;
						for (var o=0; o<overrideArtArrangement.geometry_hashes.length; o++) {
							geometryHashes.push(overrideArtArrangement.geometry_hashes[o]);
						}
					}
				}

				gearDyes = parseGearDyes(gear);
			}
			//console.log('GeometryHashes', geometryHashes);
			//console.log('GearDyes', gearDyes);

			// Set up THREE.Geometry and load skeleton (if any)
			var geometry = new THREE.Geometry();
			geometry.bones = parseSkeleton();
			var hasBones = geometry.bones.length > 0;

			// Set up default white material
			var defaultMaterial = new THREE.MeshLambertMaterial({
				emissive: 0x444444,
				color: 0x777777,
				shading: THREE.FlatShading,
				side: THREE.DoubleSide,
				skinning: hasBones,
				overdraw: true
			});
			var materials = [];
			if (!loadTextures) materials.push(defaultMaterial);

			// Compress geometry into a single THREE.Geometry
			var vertexOffset = 0;
			for (var g=0; g<geometryHashes.length; g++) {
				var geometryHash = geometryHashes[g];
				var tgxBin = contentLoaded.geometry[geometryHash];

				//if (g != 0) continue;

				//console.log('Geometry['+g+']', geometryHash, tgxBin);

				var renderMeshes = parseTGXAsset(tgxBin, geometryHash);

				var metadata = tgxBin.metadata;
				var texturePlates = metadata.texture_plates;

				//console.log('Metadata['+g+']', metadata);

				// Spasm.TGXAssetLoader.prototype.getGearRenderableModel
				var geometryTextures = {};
				//console.log('TexturePlates', texturePlates, contentLoaded);
				if (texturePlates.length == 1) {
					var texturePlate = texturePlates[0];
					var texturePlateSet = texturePlate.plate_set;

					// Stitch together plate sets
					// Web versions are pre-stitched
					for (var texturePlateId in texturePlateSet) {
						var texturePlate = texturePlateSet[texturePlateId];
						var textureData = contentLoaded.platedTextures[texturePlate.reference_id];
						if (!textureData) {
							var canvas = document.createElement('canvas');
							canvas.width = texturePlate.plate_size[0];
							canvas.height = texturePlate.plate_size[1];
							var ctx = canvas.getContext('2d');

							ctx.fillStyle = '#000000';
							ctx.fillRect(0, 0, canvas.width, canvas.height);

							//console.log('BuildTexturePlate['+texturePlateId+']', texturePlate.plate_index, texturePlate.plate_size, texturePlate.reference_id);
							for (var p=0; p<texturePlate.texture_placements.length; p++) {
								var placement = texturePlate.texture_placements[p];
								var placementTexture = contentLoaded.textures[placement.texture_tag_name];
								//console.log('TexturePlacement['+p+']', placement, "\n", placementTexture);

								// Should be fixed, but add these checks in case
								if (!placementTexture) {
									console.warn('MissingPlacementTexture', placement.texture_tag_name, contentLoaded.textures);
									continue;
								}
								if (!placementTexture.texture.image) {
									console.warn('TextureNotLoaded', placementTexture);
									continue;
								}
								ctx.drawImage(placementTexture.texture.image, placement.position_x, placement.position_y, placement.texture_size_x, placement.texture_size_y);
							}

							var dataUrl = canvas.toDataURL('image/png');

							loadDataTexture(dataUrl, texturePlate.reference_id);
							textureData = contentLoaded.platedTextures[texturePlate.reference_id];
						} else {
							//console.log('HasTexture', texture);
						}
						geometryTextures[texturePlateId] = textureData.texture;
					}
				}
				else if (texturePlates.length > 1) {
					console.warn('MultipleTexturePlates?', texturePlates);
				}
				else {
					// This geometry uses static textures
					// Spasm assumes all parts share the same shader, which generally works but has the potential for
					// cross contaminating textures in other parts
					//console.log(texturePlates, metadata.render_model.render_meshes);
					//if (metadata.render_model.render_meshes.length > 0) {
					//	var renderMesh = metadata.render_model.render_meshes[0];
					//	var stagePartList = renderMesh.stage_part_list;
					//	for (var i=0; i<stagePartList.length; i++) {
					//		var stagePart = stagePartList[i];
					//		var shader = stagePart.shader;
					//		console.log(stagePart);
					//		if (stagePart.shader === undefined) continue;
					//		var staticTextures = shader.static_textures;
					//		console.log(staticTextures);
					//		if (staticTextures && staticTextures.length >= 5) {
					//			var diffuseTextureId = staticTextures[0];
					//			var normalTextureId = staticTextures[2];
					//			var gearstackTextureId = staticTextures[4];
					//
					//			geometryTextures['diffuse'] = contentLoaded.textures[diffuseTextureId].texture;
					//			geometryTextures['normal'] = contentLoaded.textures[normalTextureId].texture;
					//			geometryTextures['gearstack'] = contentLoaded.textures[gearstackTextureId].texture;
					//
					//			console.log('TextureSet['+geometryHash+']', diffuseTextureId, normalTextureId, gearstackTextureId);
					//		}
					//	}
					//}
				}

				//console.log('RenderMeshes', renderMeshes);
				for (var m=0; m<renderMeshes.length; m++) {
					var renderMesh = renderMeshes[m];
					var indexBuffer = renderMesh.indexBuffer;
					var vertexBuffer = renderMesh.vertexBuffer;
					var positionOffset = renderMesh.positionOffset;
					var positionScale = renderMesh.positionScale;
					var texcoord0ScaleOffset = renderMesh.texcoord0ScaleOffset;
					var texcoordOffset = renderMesh.texcoordOffset;
					var texcoordScale = renderMesh.texcoordScale;
					var parts = renderMesh.parts;

					//if (m != 1) continue;

					if (parts.length == 0) {
						//console.log('Skipped RenderMesh['+m+']: No parts');
						continue;
					} // Skip meshes with no parts

					//console.log('RenderMesh['+m+']', renderMesh);

					// Spasm.Renderable.prototype.render
					var partCount = -1;
					for (var p=0; p<parts.length; p++) {
						var part = parts[p];

						// Skip any lods not matchin "_lod_category_01" ?
						if (part.lodCategory.name.indexOf('0') == -1) {
							//console.log('SkippedPart['+p+']', part.lodCategory.name, part);
							continue;
						}

						partCount++;

						//if (partCount != 1) continue;

						//console.log('RenderMeshPart['+p+'|'+partCount+']', part);

						// Load Material
						if (loadTextures) {
							var dye = gearDyes[part.gearDyeSlot];

							var textures = {
								diffuse: null,
								normal: null,
								gearstack: null,
							};
							for (var textureId in geometryTextures) {
								textures[textureId] = geometryTextures[textureId];
							}

							// Part has a shader and possibly static textures
							if (part.shader) {
								//console.warn('PartShader', part.shader);
								if (part.staticTextures) {
									for (var s=0; s<part.staticTextures.length; s++) {
										var staticTextureId = part.staticTextures[s];
										var staticTexture = contentLoaded.textures[staticTextureId];
										//console.log(staticTextureId, staticTexture);
										if (!staticTexture) continue;
										switch(part.shader+''+s) {
											// 7n standard shader
											case '70':
												textures.diffuse = staticTexture.texture; break;
											case '71':
												textures.dyeDiffuse = staticTexture.texture; break;
											case '72':
												textures.normal = staticTexture.texture; break;
											case '73':
												textures.dyeNormal = staticTexture.texture; break;
											case '74':
												textures.gearstack = staticTexture.texture; break;
											// 9n cubemap?
										}
									}
								}
							}

							//console.log('RenderMeshPartDye['+part.gearDyeSlot+']', dye);
							//console.log('RenderMeshPartTextures', textures);
							//var material = new THREE.MeshPhongMaterial({
							var materialParams = {
								side: THREE.DoubleSide,
								overdraw: true,
								skinning: hasBones,
								map: textures.diffuse,
								normalMap: textures.normal,
								gearstackMap: textures.gearstack,

								// Dye Properties
								usePrimaryColor: part.usePrimaryColor,

								//isCloth: dye.isCloth,
								//blendMode: dye.blendMode,
								//primaryColor: dye.primaryColor,
								//secondaryColor: dye.secondaryColor,
								//detailTransform: dye.detailTransform,
								//detailNormalContributionStrength: dye.detailNormalContributionStrength,
								//decalAlphaMapTransform: dye.decalAlphaMapTransform,
								//decalBlendOption: dye.decalBlendOption,
								//specularProperties: dye.specularProperties,
								//subsurfaceScatteringStrength: dye.subsurfaceScatteringStrength,
								//
								//dyeDiffuse: dye.diffuse,//dyeDiffuse,
								//dyeNormal: dye.normal,//dyeNormal,
								//dyeDecal: dye.decal,//dyeDecal
								//dyePrimaryDiffuse: dye.primaryDiffuse,
								//dyeSecondaryDiffuse: dye.secondaryDiffuse
							};

							if (dye) {
								for (var dyeKey in dye) {
									var paramKey = dyeKey;
									switch(dyeKey) {
										case 'hash':
										case 'investmentHash':
										case 'slotTypeIndex':
										case 'variant':
											paramKey = '';
											break;
										case 'diffuse': paramKey = 'dyeDiffuse'; break;
										case 'normal': paramKey = 'dyeNormal'; break;
										case 'decal': paramKey = 'dyeDecal'; break;
										case 'primaryDiffuse': paramKey = 'dyePrimaryDiffuse'; break;
										case 'secondaryDiffuse': paramKey = 'dyeSecondaryDiffuse'; break;
									}
									if (paramKey) materialParams[paramKey] = dye[dyeKey];
								}
							} else {
								console.warn('MissingGearDye['+part.gearDyeSlot+']', contentLoaded);
							}

							// Check for vertex colors
							if (vertexBuffer.length > 0 && vertexBuffer[0].color0 !== undefined) {
								console.warn('VertexColors');
							//	materialParams.vertexColors = THREE.VertexColors;
							}

							var material = new THREE.TGXMaterial(materialParams);
							materials.push(material);
						}

						var materialIndex = materials.length > 0 ? materials.length-1 : 0;

						// Load Vertex Stream
						var increment = 3;
						var start = part.indexStart;
						var count = part.indexCount;

						// PrimitiveType, 3=TRIANGLES, 5=TRIANGLE_STRIP
						// https://stackoverflow.com/questions/3485034/convert-triangle-strips-to-triangles

						if (part.primitiveType === 5) {
							increment = 1;
							count -= 2;
						}

						for (var i=0; i<count; i+= increment) {
							var faceVertexNormals = [];
							var faceVertexUvs = [];
							var faceVertex = [];

							var faceColors = [];

							var detailVertexUvs = [];

							var faceIndex = start+i;

							var tri = part.primitiveType === 3 || i & 1 ? [0, 1, 2] : [2, 1, 0];

							for (var j=0; j<3; j++) {
								var index = indexBuffer[faceIndex+tri[j]];
								var vertex = vertexBuffer[index];
								var normal = vertex.normal0;
								var uv = vertex.texcoord0;
								var color = vertex.color0;

								var detailUv = vertex.texcoord2;
								if (!detailUv) detailUv = [0, 0];

								faceVertex.push(index+vertexOffset);
								faceVertexNormals.push(new THREE.Vector3(normal[0], normal[1], normal[2]));

								var uvu = uv[0]*texcoordScale[0]+texcoordOffset[0];
								var uvv = uv[1]*texcoordScale[1]+texcoordOffset[1];
								faceVertexUvs.push(new THREE.Vector2(uvu, uvv));

								if (color) faceColors.push(new THREE.Color(color[0], color[1], color[2]));

								//if (i==0 && j==0) {
								//	console.log('Vertex['+i+','+j+']', vertex);
								//}

								detailVertexUvs.push(new THREE.Vector2(uvu*detailUv[0], uvv*detailUv[1]));
							}
							var face = new THREE.Face3(faceVertex[0], faceVertex[1], faceVertex[2], faceVertexNormals);
							face.materialIndex = materialIndex;
							if (faceColors.length > 0) face.vertexColors = faceColors;
							geometry.faces.push(face);
							geometry.faceVertexUvs[0].push(faceVertexUvs);

							if (geometry.faceVertexUvs.length < 2) geometry.faceVertexUvs.push([]);
							geometry.faceVertexUvs[1].push(detailVertexUvs);
						}
					}

					for (var v=0; v<vertexBuffer.length; v++) {
						var vertex = vertexBuffer[v];
						var position = vertex.position0;
						var x = position[0];//*positionScale[0]+positionOffset[0];
						var y = position[1];//*positionScale[1]+positionOffset[1];
						var z = position[2];//*positionScale[2]+positionOffset[2];
						if (platform == 'web') { // Ignored on mobile?
							x = x*positionScale[0]+positionOffset[0];
							y = y*positionScale[1]+positionOffset[1];
							z = z*positionScale[2]+positionOffset[2];
						}
						geometry.vertices.push(new THREE.Vector3(x, y, z));

						// Set bone weights
						var blendIndices = vertex.blendindices0 ? vertex.blendindices0 : [0, 255, 255, 255];
						var blendWeights = vertex.blendweight0 ? vertex.blendweight0: [1, 0, 0, 0];

						var skinIndex = [0, 0, 0, 0];
						var skinWeight = [0, 0, 0, 0];

						var totalWeights = 0;
						for (var w=0; w<blendIndices.length; w++) {
							if (blendIndices[w] == 255) break;
							skinIndex[w] = blendIndices[w];
							skinWeight[w] = blendWeights[w];
							totalWeights += blendWeights[w]*255;
						}
						if (totalWeights != 255) console.error('MissingBoneWeight', 255-totalWeights, i, j);

						geometry.skinIndices.push(new THREE.Vector4().fromArray(skinIndex));
						geometry.skinWeights.push(new THREE.Vector4().fromArray(skinWeight));
						//geometry.skinIndices[index+vertexOffset].fromArray(skinIndex);
						//geometry.skinWeights[index+vertexOffset].fromArray(skinWeight);
					}
					vertexOffset += vertexBuffer.length;
				}
			}

			//geometry.mergeVertices();
			//geometry.computeVertexNormals();

			onLoadCallback(geometry, materials);
		}

		// Spasm.Skeleton.prototype.onLoadSkeletonSuccess
		// TODO Fix bone loading
		function parseSkeleton() {
			var bones = [];
			if (contentLoaded.skeleton) {
				var definition = contentLoaded.skeleton.definition;
				//var transforms = definition.default_inverse_object_space_transforms;
				var inverseTransforms = definition.default_inverse_object_space_transforms;
				var transforms = definition.default_object_space_transforms;
				//transforms = inverseTransforms;
				var nodes = definition.nodes;

				var matrices = [
					[1, -0.00002999954995175358, 0.00003000044853251893, -0.000007000000096013537, 0.00003000044853251893, 1, -0.00002999954995175358, -9.999999974752427e-7, -0.00002999954995175358, 0.00003000044853251893, 1, -0.0000019999999949504854, 0, 0, 0, 1],
					[0.9801157116889954, 0.19034430384635925, 0.05605984851717949, -0.06831592321395874, -0.18996374309062958, 0.9817168712615967, -0.01209370419383049, 0.014000986702740192, -0.05733706057071686, 0.0012036511907353997, 0.9983543753623962, -0.005501100327819586, 0, 0, 0, 1],
					[1, -1.4191889850800887e-12, -1.4191889850800887e-12, -0.000014000030205352232, -1.4191889850800887e-12, 1, -1.4191889850800887e-12, -0.000002000150061576278, -1.4191889850800887e-12, -1.4191889850800887e-12, 1, -0.00000399981990995002, 0, 0, 0, 1],
					[0.9979707598686218, -0.03309955447912216, -0.05435013398528099, 0.06703712791204453, 0.02993491291999817, 0.9978638291358948, -0.05802343413233757, 0.05169997736811638, 0.05615539848804474, 0.056277647614479065, 0.9968340396881104, -0.013565830886363983, 0, 0, 0, 1],
					[0.9791208505630493, 0.19240985810756683, 0.06558473408222198, -0.07762237638235092, -0.19275233149528503, 0.9812451601028442, -0.0011398973874747753, 0.0030304978135973215, -0.06457426398992538, -0.011525552719831467, 0.9978445172309875, -0.0062067327089607716, 0, 0, 0, 1],
					[0.9724768996238708, 0.1884377896785736, 0.1370410919189453, -0.15658064186573029, -0.18591594696044922, 0.9820737838745117, -0.031093217432498932, 0.03468060865998268, -0.14044378697872162, 0.004759072791785002, 0.9900774359703064, 0.0045079998672008514, 0, 0, 0, 1],
					[0.9981094598770142, -0.04080794379115105, 0.045919060707092285, 0.012718167155981064, 0.042856842279434204, 0.9980847835540771, -0.04456724226474762, 0.04381892457604408, -0.0440126396715641, 0.04645051062107086, 0.9979504346847534, -0.009566089138388634, 0, 0, 0, 1],
					[0.9774969816207886, 0.19391271471977234, 0.08304928243160248, -0.08700916171073914, -0.1940585970878601, 0.9809669256210327, -0.006397423800081015, 0.005940734874457121, -0.08270982652902603, -0.009863472543656826, 0.9965227246284485, -0.004656741861253977, 0, 0, 0, 1],
					[0.9798725247383118, 0.19271574914455414, 0.052085909992456436, -0.05549555644392967, -0.19193898141384125, 0.981212854385376, -0.019599031656980515, 0.02105993963778019, -0.05488575994968414, 0.009205679409205914, 0.9984515905380249, -0.006476571783423424, 0, 0, 0, 1],
					[0.9999574422836304, 0.002256079576909542, -0.008818789385259151, 0.01223362609744072, -0.002192907966673374, 0.9999703168869019, 0.0072272359393537045, 0.035145051777362823, 0.0088342921808362, -0.007208544295281172, 0.9999356269836426, 0.0015992989065125585, 0, 0, 0, 1],
					[0.9696974754333496, 0.244236022233963, -0.005808396730571985, -0.06747090071439743, -0.2442866712808609, 0.9696434736251831, -0.01049322634935379, 0.002447111066430807, 0.0030697775073349476, 0.011593809351325035, 0.9999249577522278, 0.0021306006237864494, 0, 0, 0, 1],
					[0.980004608631134, 0.19617678225040436, -0.03325662389397621, 0.0545404776930809, -0.19653891026973724, 0.9804639220237732, -0.007955373264849186, 0.0060372669249773026, 0.031046036630868912, 0.014332282356917858, 0.999415397644043, -0.007550979033112526, 0, 0, 0, 1],
					[0.985386312007904, 0.16620615124702454, -0.037278879433870316, 0.06181623786687851, -0.16893742978572845, 0.9815899133682251, -0.08911412954330444, 0.12798841297626495, 0.021781034767627716, 0.09410939365625381, 0.995323657989502, -0.004692168906331062, 0, 0, 0, 1],
					[0.9781733751296997, 0.20291952788829803, 0.044735271483659744, -0.06879343092441559, -0.1969602406024933, 0.9740423560142517, -0.11157554388046265, 0.16981157660484314, -0.06621529906988144, 0.100328728556633, 0.992749035358429, 0.00005141554356669076, 0, 0, 0, 1],
					[0.9857261180877686, 0.1683417409658432, 0.0013976511545479298, 0.0012193504953756928, -0.16834770143032074, 0.985697865486145, 0.007457362487912178, -0.017044084146618843, -0.00012255721958354115, -0.007586475927382708, 0.9999714493751526, -0.009183683432638645, 0, 0, 0, 1],
					[0.8442354202270508, 0.19163988530635834, 0.5005471706390381, -0.7451958656311035, -0.2778599262237549, 0.9550867080688477, 0.10297906398773193, -0.15519681572914124, -0.45833149552345276, -0.22602111101150513, 0.8595662117004395, 0.24352216720581055, 0, 0, 0, 1],
					[0.9939886331558228, 0.10930190980434418, -0.0063692317344248295, 0.014706732705235481, -0.10947734117507935, 0.9914080500602722, -0.07159378379583359, 0.10618557780981064, -0.0015112542314454913, 0.07186026871204376, 0.9974140524864197, -0.006450708489865065, 0, 0, 0, 1],
					[0.8271387219429016, 0.13178329169750214, 0.5463243722915649, -0.8188632130622864, 0.00036614545388147235, 0.9719901084899902, -0.2350165694952011, 0.34491610527038574, -0.561994731426239, 0.19459189474582672, 0.8039243817329407, 0.3044455945491791, 0, 0, 0, 1],
					[0.9980241656303406, 0.0319381058216095, -0.0541132390499115, 0.0947752520442009, -0.0324317142367363, 0.9994400143623352, -0.008263197727501392, 0.00029887803248129785, 0.053818803280591965, 0.010001637041568756, 0.9985009431838989, -0.008060899563133717, 0, 0, 0, 1],
					[0.7838451862335205, 0.12082090973854065, 0.6090949773788452, -0.8558641076087952, -0.19936610758304596, 0.9779254794120789, 0.06258083134889603, -0.11716616153717041, -0.5880888104438782, -0.17048656940460205, 0.7906286716461182, 0.3232874870300293, 0, 0, 0, 1],
					[0.7494807839393616, 0.18774954974651337, 0.6348416805267334, -0.9075111746788025, -0.04787546396255493, 0.9718017578125, -0.23088274896144867, 0.3432961702346802, -0.6602901816368103, 0.14264902472496033, 0.7373375296592712, 0.37997427582740784, 0, 0, 0, 1],
					[0.7318723797798157, 0.06729403883218765, 0.6781105399131775, -0.8994971513748169, -0.13674934208393097, 0.9893725514411926, 0.04940712824463844, -0.12469913065433502, -0.6675799489021301, -0.12889154255390167, 0.7332966923713684, 0.3964546322822571, 0, 0, 0, 1],
					[0.6346674561500549, -0.15112298727035522, 0.7578613758087158, -1.148959994316101, 0.16325603425502777, 0.9847771525382996, 0.05965302139520645, -0.04906150698661804, -0.7553419470787048, 0.08586539328098297, 0.6496793031692505, 0.4867972731590271, 0, 0, 0, 1],
					[0.731839656829834, 0.06731421500444412, 0.6781467795372009, -0.8995251655578613, -0.13676860928535461, 0.9893707036972046, 0.04938841611146927, -0.12467449903488159, -0.6676150560379028, -0.128895103931427, 0.7332668304443359, 0.3964996039867401, 0, 0, 0, 1],
					[0.63468998670578, -0.15115970373153687, 0.7578351497650146, -1.1489577293395996, 0.16326819360256195, 0.9847730994224548, 0.05968698859214783, -0.04910428076982498, -0.7553204298019409, 0.08584743738174438, 0.6497067213058472, 0.4867638349533081, 0, 0, 0, 1],
					[0.9998804330825806, -0.007780218496918678, -0.013279682956635952, 0.014362306334078312, 0.007922662422060966, 0.9999096989631653, 0.010749048553407192, 0.03402912616729736, 0.013194323517382145, -0.010853939689695835, 0.9998546838760376, 0.001885891892015934, 0, 0, 0, 1],
					[0.9680200815200806, 0.25080108642578125, -0.005846662912517786, -0.06600987166166306, -0.25085175037384033, 0.9679659605026245, -0.010475932620465755, 0.0027662119828164577, 0.003032528329640627, 0.011607198975980282, 0.999924898147583, 0.0021368826273828745, 0, 0, 0, 1],
				];

